488632
692535
814209
803547
334473
624622
206759
245727
919657
69108
787708
940572
72028
897771
581865
514544
299747
953471
60877
538394
414028
286850
665010
13235
134080
621904
227885
856460
448870
519270
911165
855224
179360
592116
598730
786642
952600
523066
922670
615790
30629
64013
397456
695137
391317
548777
665718
517025
146913
291061
277442
566653
627250
296388
854280
215904
603424
935716
530697
265311
506847
336210
750861
556257
914223
224939
799210
300736
624867
435729
79761
173062
39569
826583
684511
495401
341849
111184
732306
656614
195439
879707
384530
753956
943543
886374
989823
159994
688071
795407
869022
190941
559313
179994
262192
191473
848969
832010
765264
212336
468182
993441
769536
342218
275872
185219
867400
539944
949495
79712
909679
380919
424390
18586
431605
682811
985280
268671
71031
24802
289178
951650
66579
290501
210417
760721
324536
937451
399160
531340
593124
916109
448094
200543
391975
508855
164886
659113
214750
155830
31998
694733
180256
218237
579956
990911
159519
958249
206065
706025
621737
952444
470759
575517
533454
778143
224862
762580
307787
243002
470536
603809
628719
344124
653169
534788
892301
75780
612423
80102
589912
432909
483974
550610
436524
70509
358195
971096
661926
497237
919804
160793
748471
58426
750092
393535
530044
907941
569450
127829
622895
731751
860230
804708
853291
771631
905717
413821
498673
508251
26526
287030
866333
515817
858326
154395
406415
888182
436932
316336
839344
938241
153966
971107
450382
778595
833866
74767
867960
678265
987166
135378
206026
499191
679423
168149
652076
294769
27573
719442
188993
854774
215913
691824
446011
266770
296645
729411
282138
737377
399324
904360
637698
914276
739361
281445
751133
448394
484673
133473
81866
846124
123120
908156
981070
439459
854631
948820
753672
825878
355868
627660
459486
991887
345642
327915
50286
890184
313874
784956
966185
977241
878043
446225
131982
432062
642730
754449
105938
189043
985654
122112
716056
46961
824911
849656
399638
794337
239207
713165
613988
291598
767820
962775
473129
708303
786043
720478
59502
477762
166006
235866
427059
942334
962834
406160
167574
654171
290616
992993
223006
857824
704436
942525
774771
661091
686486
334867
977611
923848
765394
474780
951302
706620
412977
947533
864359
53815
49455
619000
529322
921883
607413
544226
960323
793396
350094
445936
670416
890981
183659
137130
888538
654593
913348
262941
404733
832993
91332
930442
744041
689691
304629
92634
107902
91389
532579
921405
169832
968490
455897
318500
445454
864396
794260
560683
919851
16602
246217
772002
401973
526986
60114
319672
879104
911583
380738
700003
769478
31881
381291
408371
941292
806965
316725
494922
631604
917531
536932
694972
787795
908199
707584
886593
886161
28932
183966
566940
547272
856618
134532
141494
735830
482077
383439
442912
618376
548088
635255
915974
72015
751423
759734
993429
524999
437488
286029
145054
764112
466052
346648
803360
80369
630125
965198
265017
202607
893568
614242
981448
166574
527080
523821
720882
350466
904562
793875
495456
262128
971663
389628
242647
994149
93955
720915
937288
214088
748158
307144
959634
911849
579412
427596
333056
446202
710836
417049
880405
23315
534025
370783
704542
886622
473690
697203
180044
15434
737162
746007
928966
156060
911248
827894
929073
84194
335623
339236
262760
812292
494157
471437
634995
20494
53018
296576
803206
166689
498586
660759
996845
748769
81313
309279
193645
265928
596432
968507
744139
208502
296427
279211
641767
614285
91735
478565
531288
304107
201160
625323
905127
109867
202904
854849
327114
630560
892481
940453
624522
416714
640958
263094
112117
127618
256493
901237
326083
1259
384678
996008
314658
523982
903247
344581
479981
826711
830013
802915
230701
104660
234343
137178
962833
798276
264619
456852
934881
440243
313480
108000
371122
343606
284034
138184
200768
544342
187006
660801
732037
335589
899921
479667
17348
484048
117167
100455
971555
66324
555755
101241
552140
978937
578828
777195
877618
23463
405022
755079
211057
39915
545733
831774
566515
267805
96077
453272
7467
328111
314567
653164
721760
375022
18935
244919
704415
626011
946826
107644
204397
50048
673414
110059
966831
336011
733656
546483
534019
837556
717165
422509
904656
777467
748633
787879
480274
905451
980133
530427
74804
610496
630147
252180
223713
32509
645394
522903
84106
33013
750181
126967
934765
262844
497432
676039
236058
718594
513987
881849
126923
873401
447808
631188
287187
825777
323285
574492
187687
338793
758302
426994
690567
611083
683479
632424
407256
89847
879885
580504
416638
222845
724923
927934
191840
796395
816352
55075
365094
758487
37215
888211
961379
792969
613258
569699
862622
56927
10540
393388
208342
736866
499974
24136
183715
127387
69332
675652
344001
399479
673177
891093
259661
54871
334147
689200
305896
588063
185909
850388
981662
961816
53185
566934
978199
547389
514363
348018
785490
366943
930981
470112
751071
120261
511202
139279
189041
471848
327775
743396
42131
779351
515004
490813
259041
622984
297782
702137
971647
563313
58581
33163
738755
268551
867348
184318
665268
704025
107166
914307
534475
968628
474378
437332
599885
461925
536512
468788
722404
1344
445717
296380
206180
540724
189008
48330
374857
721571
937999
868688
73103
319533
859108
44621
146422
71414
91289
366298
391069
47207
991764
633345
80401
103473
29340
913966
749247
113727
339535
202006
857934
21470
799362
213517
80764
339338
337446
601898
549853
598227
871824
46224
535638
216383
557568
744946
75969
879987
110289
164702
581449
275006
345950
503861
36816
705495
414844
357654
771557
663029
652922
758528
612761
220462
86371
629317
128687
857239
231198
702384
1624
525051
87463
938574
764362
969175
207488
276575
963480
438332
902490
936368
711467
406643
459408
284735
516246
992787
776022
637232
291873
664992
236388
598209
708883
666123
532902
503726
775278
907947
430526
581858
729106
982518
697985
472081
968313
540064
706928
586696
388184
94512
48211
490425
553516
734079
561477
27567
773460
211492
939690
594227
40158
429132
544848
551732
639467
456835
220753
248274
478179
785737
917888
610598
567882
802717
963409
142409
663889
628893
690999
621410
134623
384317
277852
99308
75815
943442
262615
553809
321151
988308
995849
564516
775609
972513
974194
199567
597586
807609
67771
813847
283110
164115
964388
166359
722726
317289
680447
975139
251653
617430
610844
358480
487554
838872
622714
384655
267069
623136
668975
862740
99603
203146
867205
281173
321801
997406
647431
111939
627872
551602
967184
368938
128545
305906
205914
653637
72126
82578
360881
617684
570458
761336
728367
73228
171464
275047
529482
751291
623052
983674
913080
447835
449851
813943
240132
131174
960322
233576
747092
555856
126951
293333
307041
868503
140302
792744
757748
9607
591448
567661
488039
773776
92454
405811
527414
787843
394790
360980
436825
667135
973905
674794
890577
713727
968540
464720
6535
91147
476635
524787
159638
