194781
108904
463649
974738
210575
919097
137569
587581
115312
463382
374942
77230
482019
542647
568372
399294
883252
79126
66895
191321
443094
269768
665192
582625
300175
252958
424039
464152
418586
505756
220748
111829
654111
163564
935445
188233
398775
745115
485401
883014
626530
375397
859299
690479
734575
64856
205462
780127
678910
845037
425404
947156
22805
710276
60257
914606
938621
625805
387102
265582
22286
333599
618146
694600
802426
836848
686902
310480
194001
496419
209605
825177
778384
287536
659740
277325
323384
437610
693553
266684
39133
908998
52506
84456
406263
814712
671668
420110
883186
432042
261758
885677
167644
5819
505211
247295
816762
635287
333617
403992
